13 0.000000e+000 0.000000e+000
10 0.000000e+000 0.000000e+000
10 0.000000e+000 0.000000e+000
11 0.000000e+000 0.000000e+000
13 0.000000e+000 0.000000e+000
16 0.000000e+000 0.000000e+000
12 0.000000e+000 0.000000e+000
14 0.000000e+000 0.000000e+000
15 0.000000e+000 0.000000e+000
12 0.000000e+000 0.000000e+000
11 1.836926e-002 -5.248336e+001
14 1.646834e-002 -6.860836e+001
16 1.764015e-002 -6.889769e+001
18 5.751102e-002 -7.054929e+001
15 2.195271e-002 -8.956772e+001
17 2.263745e-002 -1.004597e+002
17 1.606720e-002 -1.014473e+002
18 1.512404e-002 -1.604509e+002
-1 1.716084e-002 -2.077903e+002
